1  ,[[0,0],[0,1],[1,1],[1,2],[1,3]]
2  ,[[0,0],[1,0],[0,1],[0,2],[0,3]]
3  ,[[0,0],[1,0],[0,1],[1,1]]
4  ,[[0,0],[0,1]]
5  ,[[0,0],[0,1],[1,0]]
6  ,[[0,0],[1,0],[2,-1],[2,0],[2,1]]
7  ,[[0,0],[1,0],[1,-1],[2,0]]
8  ,[[0,0],[0,1],[1,1],[2,1],[2,2]]
9  ,[[0,0],[1,0],[2,0],[3,0]]
10 ,[[0,0],[0,1],[0,2],[1,2]]
11 ,[[0,0],[1,0],[2,0]]
12 ,[[0,0],[1,0],[1,-1],[2,-1],[2,-2]]
13 ,[[0,0],[1,0],[1,-1],[1,-2],[2,-2],[2,-3]]
14 ,[[0,0],[0,1],[0,2]]
15 ,[[0,0],[1,0],[2,0],[3,0],[3,-1],[3,-2]]
16 ,[[0,0],[0,1],[0,2],[1,0],[1,1],[1,-1],[2,-1]]
17 ,[[0,0],[1,0],[2,0],[1,-1],[2,-1]]
18 ,[[0,0],[1,0],[0,1],[1,1],[0,2],[2,1],[3,1]]
19 ,[[0,0],[1,0],[2,0],[2,1]]
20 ,[[0,0],[1,0],[2,0],[3,0],[3,1],[3,2]]
21 ,[[0,0],[1,0],[1,-1]]
22 ,[[0,0],[0,1],[1,0],[2,0],[3,0]]
23 ,[[0,0],[0,1],[1,0],[1,-1],[1,-2]]
24 ,[[0,0],[0,1],[0,2],[1,2],[2,2],[2,1]]
25 ,[[0,0],[0,1],[1,0],[1,-1],[2,-1],[3,-1]]
26 ,[[0,0],[1,0],[1,1],[2,1],[2,2],[3,1]]
27 ,[[0,0],[0,1],[1,1]]
28 ,[[0,0],[0,1],[0,2],[1,0]]
29 ,[[0,0],[1,0]]
30 ,[[0,0],[0,1],[0,2],[0,3]]
31 ,[[0,0],[1,0],[1,-1],[1,1]]
32 ,[[0,0],[1,0],[1,1],[2,1]]
33 ,[[0,0],[1,0],[0,1],[0,2],[0,3],[0,4],[1,4]]
34 ,[[0,0],[1,0],[1,1],[2,1],[2,0],[2,-1],[2,-2]]
35 ,[[0,0],[1,0],[1,-1],[0,1],[0,2]]
36 ,[[0,0],[1,0],[0,1],[0,2],[0,3],[0,4],[1,3]]
37 ,[[0,0],[1,0],[1,-1],[2,-1]]
38 ,[[0,0],[1,0],[1,-1],[2,0],[2,-1],[2,-2],[3,-1]]
39 ,[[0,0],[1,0],[1,1],[1,-1],[1,-2]]
40 ,[[0,0],[1,0],[1,1],[2,0],[3,0],[4,0]]
41 ,[[0,0],[1,0],[1,1],[2,1],[3,1]]
42 ,[[0,0],[1,0],[2,0],[1,1],[2,1],[3,1]]
43 ,[[0,0],[1,0],[2,0],[3,0],[0,1],[1,1]]
44 ,[[0,0],[1,0],[0,1],[1,1],[2,1],[3,1]]
45 ,[[0,0],[1,0],[2,0],[2,-1],[3,0],[4,0],[4,-1]]
46 ,[[0,0],[1,0],[2,0],[3,0],[2,1]]
47 ,[[0,0],[1,0],[1,1],[1,2],[0,2]]
48 ,[[0,0],[0,1],[0,2],[0,3],[0,4]]
49 ,[[0,0],[1,0],[1,-1],[1,-2],[2,-1]]
50 ,[[0,0],[1,0],[2,0],[1,-1],[2,-1],[2,-2]]
51 ,[[0,0],[0,1],[1,0],[1,1],[2,1]]
52 ,[[0,0],[0,1],[1,1],[0,2],[0,3]]
53 ,[[0,0],[0,1],[0,2],[1,2],[1,3]]
54 ,[[0,0],[0,1],[0,2],[0,3],[0,4],[0,5]]
